# Created by Octave 3.8.1, Sun Nov 29 13:21:23 2015 CET <hitch@hitch-GA-MA790XT-UD4P>
# name: RES
# type: matrix
# rows: 6
# columns: 4
 0.28 160 1 20
 0.8100000000000001 80.5 80.5 20
 0.83 80.5 40.75 20
 0.85 100.375 60.625 20
 0.83 90.4375 60.625 18.8125
 0.86 92.921875 55.65625 18.8125


# name: res_app
# type: matrix
# rows: 0
# columns: 0


# name: res_test
# type: matrix
# rows: 0
# columns: 0


