# Created by Octave 3.8.1, Fri Nov 27 01:47:47 2015 CET <hitch@hitch-GA-MA790XT-UD4P>
# name: RES
# type: matrix
# rows: 5
# columns: 4
 0.313581541688516 400 1 1
 0.1830099632931306 400 1 1
 0.9181961195595175 387.53125 100.75 100.75
 0.9370739381227058 387.53125 50.875 50.875
 0.9239643418982695 387.53125 75.8125 50.875


# name: res_app
# type: matrix
# rows: 0
# columns: 0


# name: res_test
# type: matrix
# rows: 0
# columns: 0


